
======================================================================

{'run_number': 3, 'data_path': 'dataset/train', 'model_name': 'VGG_2', 'batch_size': 8, 'st_epoch': 0, 'n_epochs': 20, 'load': 'y', 'run_name': 'VGG'}

======================================================================

{'train': 2945, 'validation': 740}
CUDA available: True
Running VGG_3 with MLFlow
[train] Epoch: 1/20 Loss: 0.25867920138403544

F1 Score:	0.9022894143624137

Recall:	0.9032258064516129

Precision:	0.9020600106661423

Accuracy:	0.9032258064516129

Confusion Matrix of classes: 
 [[  44    0    0    0    0    0   10    7]
 [   0  313   41    0    4   22    1    3]
 [   0   34  252    0    1   42    0    6]
 [   0    0    0   76    0    0    0    0]
 [   0    3    0    0  260    5   12    5]
 [   0   12   25    0    2 1223    0    2]
 [   4    0    0    0    7    0  185   10]
 [   1    6    6    0    8    4    2  307]]

================================================================================



<<<Saving model>>>

[validation] Epoch: 1/20 Loss: 0.45392692728421175

F1 Score:	0.8271692209569027

Recall:	0.845945945945946

Precision:	0.836702858695085

Accuracy:	0.845945945945946

Confusion Matrix of classes: 
 [[ 10   0   1   0   0   0   4   1]
 [  0  88   5   0   0   3   0   0]
 [  0   9  23   0   3  48   0   1]
 [  0   0   0  19   0   0   0   0]
 [  0   6   4   0  50   2   1   9]
 [  0   9   1   0   1 306   0   0]
 [  1   0   0   0   1   0  47   3]
 [  0   0   0   0   1   0   0  83]]

================================================================================

[train] Epoch: 2/20 Loss: 0.2331644057595062

F1 Score:	0.917327440194281

Recall:	0.9181663837011884

Precision:	0.9171665761772934

Accuracy:	0.9181663837011884

Confusion Matrix of classes: 
 [[  50    0    0    0    0    0    7    4]
 [   0  341   25    0    0   13    1    4]
 [   0   38  250    0    1   44    0    2]
 [   0    0    0   76    0    0    0    0]
 [   0    2    1    0  261    0   14    7]
 [   0   13   21    0    1 1227    0    2]
 [   3    0    0    0   14    0  187    2]
 [   4    4    5    0    5    3    1  312]]

================================================================================

[validation] Epoch: 2/20 Loss: 0.4571518606984535

F1 Score:	0.8311446748717531

Recall:	0.8472972972972973

Precision:	0.8356276704727008

Accuracy:	0.8472972972972973

Confusion Matrix of classes: 
 [[ 10   0   1   0   0   0   4   1]
 [  0  80   7   0   0   8   0   1]
 [  0   7  25   0   3  48   0   1]
 [  0   0   0  19   0   0   0   0]
 [  0   2   5   0  56   2   1   6]
 [  0   8   1   0   1 307   0   0]
 [  1   0   0   0   2   0  47   2]
 [  0   0   0   0   1   0   0  83]]

================================================================================

[train] Epoch: 3/20 Loss: 0.228673336503107

F1 Score:	0.916551247055139

Recall:	0.9174872665534805

Precision:	0.9162628163753628

Accuracy:	0.9174872665534805

Confusion Matrix of classes: 
 [[  47    0    0    0    1    0    6    7]
 [   0  332   33    0    0   13    1    5]
 [   0   33  255    0    3   39    0    5]
 [   0    0    0   76    0    0    0    0]
 [   0    2    0    0  264    2   11    6]
 [   0   14   14    0    0 1234    0    2]
 [   3    1    0    0   16    0  184    2]
 [   4    5    3    0    7    3    2  310]]

================================================================================



<<<Saving model>>>

[validation] Epoch: 3/20 Loss: 0.40725405440741297

F1 Score:	0.8511105015272258

Recall:	0.8608108108108108

Precision:	0.8525982745794066

Accuracy:	0.8608108108108108

Confusion Matrix of classes: 
 [[ 10   0   1   0   0   0   4   1]
 [  0  85   7   0   0   4   0   0]
 [  0   8  34   0   2  39   0   1]
 [  0   0   0  19   0   0   0   0]
 [  0   3   8   0  55   2   1   3]
 [  0   9   2   0   1 305   0   0]
 [  1   0   0   0   1   0  47   3]
 [  0   0   1   0   1   0   0  82]]

================================================================================

[train] Epoch: 4/20 Loss: 0.22866549331106636

F1 Score:	0.9156924742560849

Recall:	0.9161290322580645

Precision:	0.9155509140947046

Accuracy:	0.9161290322580645

Confusion Matrix of classes: 
 [[  47    0    1    0    0    0    8    5]
 [   0  337   29    0    0   12    1    5]
 [   0   37  259    0    2   34    0    3]
 [   0    0    0   76    0    0    0    0]
 [   1    2    1    0  260    3   10    8]
 [   0   11   23    0    1 1227    0    2]
 [   2    1    0    0   13    0  187    3]
 [   4    6    8    0    5    2    4  305]]

================================================================================

[validation] Epoch: 4/20 Loss: 0.4178020881488919

F1 Score:	0.8579221459658208

Recall:	0.8702702702702703

Precision:	0.8669682270867451

Accuracy:	0.8702702702702703

Confusion Matrix of classes: 
 [[ 10   0   1   0   0   0   4   1]
 [  0  90   3   0   0   2   0   1]
 [  0  10  32   0   4  37   0   1]
 [  0   0   0  19   0   0   0   0]
 [  0   3   4   0  57   1   1   6]
 [  0   9   1   0   2 304   0   1]
 [  0   0   0   0   1   0  49   2]
 [  0   0   0   0   1   0   0  83]]

================================================================================

[train] Epoch: 5/20 Loss: 0.20433103506135517

F1 Score:	0.9285132017595217

Recall:	0.9290322580645162

Precision:	0.9283407303853408

Accuracy:	0.9290322580645162

Confusion Matrix of classes: 
 [[  50    0    0    0    0    1    7    3]
 [   0  332   29    0    1   14    1    7]
 [   0   26  270    0    3   34    0    2]
 [   0    0    0   76    0    0    0    0]
 [   0    5    0    0  264    0   10    6]
 [   0    8   17    0    3 1234    0    2]
 [   2    1    0    0    5    0  196    2]
 [   3    6    5    0    2    3    1  314]]

================================================================================



<<<Saving model>>>

[validation] Epoch: 5/20 Loss: 0.40029255576255557

F1 Score:	0.8574335002567434

Recall:	0.8675675675675676

Precision:	0.8589825494450685

Accuracy:	0.8675675675675676

Confusion Matrix of classes: 
 [[ 10   0   1   0   0   0   4   1]
 [  0  87   7   0   0   2   0   0]
 [  0   9  34   0   3  37   0   1]
 [  0   0   0  19   0   0   0   0]
 [  0   3   7   0  56   2   1   3]
 [  0   8   1   0   1 307   0   0]
 [  1   0   0   0   2   0  47   2]
 [  0   0   1   0   1   0   0  82]]

================================================================================

[train] Epoch: 6/20 Loss: 0.18464010686776483

F1 Score:	0.9383824362981531

Recall:	0.9388794567062818

Precision:	0.9382275971925566

Accuracy:	0.9388794567062818

Confusion Matrix of classes: 
 [[  50    1    0    0    0    0    4    6]
 [   0  351   18    0    0   11    1    3]
 [   0   25  273    0    5   32    0    0]
 [   0    0    0   75    0    0    1    0]
 [   0    2    1    0  272    0    8    2]
 [   0    6   19    0    1 1237    0    1]
 [   3    0    0    0    8    0  191    4]
 [   3    3    3    0    5    3    1  316]]

================================================================================

[validation] Epoch: 6/20 Loss: 0.4148640380706638

F1 Score:	0.8652808187837493

Recall:	0.8743243243243243

Precision:	0.8759869274160604

Accuracy:	0.8743243243243243

Confusion Matrix of classes: 
 [[ 10   0   1   0   0   0   4   1]
 [  0  90   3   0   0   2   0   1]
 [  0  12  38   0   1  30   0   3]
 [  0   0   0  19   0   0   0   0]
 [  0   2   4   0  54   1   2   9]
 [  0  10   1   0   1 304   0   1]
 [  0   0   0   0   0   0  49   3]
 [  0   0   0   0   1   0   0  83]]

================================================================================

[train] Epoch: 7/20 Loss: 0.1847987875342369

F1 Score:	0.9363358570003324

Recall:	0.9368421052631579

Precision:	0.9364077809163885

Accuracy:	0.9368421052631579

Confusion Matrix of classes: 
 [[  49    0    0    0    0    0    4    8]
 [   0  346   24    0    0   10    1    3]
 [   0   28  273    0    1   27    0    6]
 [   0    0    0   76    0    0    0    0]
 [   0    3    0    0  266    3    6    7]
 [   0    6   13    0    1 1241    0    3]
 [   1    1    0    0    8    0  192    4]
 [   3    7    2    0    3    1    2  316]]

================================================================================



<<<Saving model>>>

[validation] Epoch: 7/20 Loss: 0.3985850764727975

F1 Score:	0.8722048030851176

Recall:	0.8770270270270271

Precision:	0.8748821221505417

Accuracy:	0.8770270270270271

Confusion Matrix of classes: 
 [[ 10   0   1   0   0   0   4   1]
 [  0  85   8   0   0   3   0   0]
 [  0   5  47   0   0  32   0   0]
 [  0   0   0  19   0   0   0   0]
 [  0   4  10   0  52   2   1   3]
 [  0   8   1   0   1 307   0   0]
 [  1   0   0   0   0   0  48   3]
 [  0   0   2   0   1   0   0  81]]

================================================================================

[train] Epoch: 8/20 Loss: 0.16855782432440536

F1 Score:	0.9366453085765193

Recall:	0.9368421052631579

Precision:	0.9366403389278949

Accuracy:	0.9368421052631579

Confusion Matrix of classes: 
 [[  49    0    0    0    0    0    8    4]
 [   0  347   25    0    1    8    1    2]
 [   0   26  277    0    3   24    0    5]
 [   0    0    0   75    0    0    1    0]
 [   0    2    0    0  274    3    5    1]
 [   0   10   20    0    1 1233    0    0]
 [   3    1    0    0    9    0  189    4]
 [   2    2    7    0    4    0    4  315]]

================================================================================

[validation] Epoch: 8/20 Loss: 0.45136429150085394

F1 Score:	0.8420691350673053

Recall:	0.8567567567567568

Precision:	0.8523220455486895

Accuracy:	0.8567567567567568

Confusion Matrix of classes: 
 [[ 11   0   0   0   0   0   4   1]
 [  0  84   5   0   0   6   0   1]
 [  0   9  28   0   2  43   0   2]
 [  0   0   0  19   0   0   0   0]
 [  0   2   4   0  54   2   1   9]
 [  0   8   1   0   0 307   0   1]
 [  1   0   0   0   0   0  48   3]
 [  0   0   0   0   1   0   0  83]]

================================================================================

[train] Epoch: 9/20 Loss: 0.15695220046077424

F1 Score:	0.9462554564873802

Recall:	0.9463497453310696

Precision:	0.9461858445529479

Accuracy:	0.9463497453310696

Confusion Matrix of classes: 
 [[  55    0    0    0    0    0    2    4]
 [   0  349   20    0    0   10    1    4]
 [   0   20  292    0    1   20    0    2]
 [   0    0    0   76    0    0    0    0]
 [   0    2    1    0  269    1    9    3]
 [   0    5   17    0    2 1240    0    0]
 [   3    1    0    0   10    0  189    3]
 [   2    4    4    0    3    2    2  317]]

================================================================================



<<<Saving model>>>

[validation] Epoch: 9/20 Loss: 0.3742783018815759

F1 Score:	0.8733517659216686

Recall:	0.8797297297297297

Precision:	0.8761848531215731

Accuracy:	0.8797297297297297

Confusion Matrix of classes: 
 [[ 11   0   0   0   0   0   4   1]
 [  0  85   7   0   0   3   0   1]
 [  0   8  43   0   3  29   0   1]
 [  0   0   0  19   0   0   0   0]
 [  0   1   6   0  56   1   2   6]
 [  0   8   2   0   1 305   0   1]
 [  0   0   0   0   0   0  49   3]
 [  0   0   0   0   1   0   0  83]]

================================================================================

[train] Epoch: 10/20 Loss: 0.15212986073243243

F1 Score:	0.9422837751336598

Recall:	0.9426146010186757

Precision:	0.9420722171591509

Accuracy:	0.9426146010186757

Confusion Matrix of classes: 
 [[  48    0    0    0    1    0    6    6]
 [   0  349   22    0    1    7    1    4]
 [   1   22  281    0    1   28    0    2]
 [   0    0    0   76    0    0    0    0]
 [   0    2    2    0  271    0    8    2]
 [   0    7   14    0    2 1240    0    1]
 [   6    0    0    0    9    0  191    0]
 [   3    1    4    0    1    2    3  320]]

================================================================================

[validation] Epoch: 10/20 Loss: 0.37444247426213445

F1 Score:	0.883043538805705

Recall:	0.8878378378378379

Precision:	0.8846014203325323

Accuracy:	0.8878378378378379

Confusion Matrix of classes: 
 [[ 11   0   0   0   0   0   4   1]
 [  0  84   8   0   0   3   0   1]
 [  0   5  47   0   1  30   0   1]
 [  0   0   0  19   0   0   0   0]
 [  0   1   7   0  58   2   1   3]
 [  0   8   1   0   1 307   0   0]
 [  0   0   0   0   1   0  49   2]
 [  0   0   1   0   1   0   0  82]]

================================================================================

