
======================================================================

{'run_number': 4, 'data_path': 'dataset/train', 'model_name': 'VGG_3', 'batch_size': 8, 'st_epoch': 0, 'n_epochs': 20, 'load': 'y', 'run_name': 'VGG'}

======================================================================

{'train': 2945, 'validation': 740}
CUDA available: True
Running VGG_4 with MLFlow
[train] Epoch: 1/20 Loss: 0.15581798095237115

F1 Score:	0.946025024355355

Recall:	0.9463497453310696

Precision:	0.9459392939954645

Accuracy:	0.9463497453310696

Confusion Matrix of classes: 
 [[  53    0    0    0    1    0    5    2]
 [   0  353   16    0    2    6    0    7]
 [   0   23  282    0    1   25    0    4]
 [   0    1    0   75    0    0    0    0]
 [   0    3    0    0  269    2    5    6]
 [   0    5   14    0    0 1243    0    2]
 [   0    0    0    0    7    0  199    0]
 [   4    4    6    0    2    4    1  313]]

================================================================================



<<<Saving model>>>

[validation] Epoch: 1/20 Loss: 0.3851328268798219

F1 Score:	0.8734484642969915

Recall:	0.8810810810810811

Precision:	0.8772497751019123

Accuracy:	0.8810810810810811

Confusion Matrix of classes: 
 [[ 11   0   0   0   0   0   4   1]
 [  0  86   7   0   0   2   0   1]
 [  0   9  40   0   4  30   0   1]
 [  0   0   0  19   0   0   0   0]
 [  0   1   4   0  59   1   2   5]
 [  0   9   1   0   2 304   0   1]
 [  0   0   0   0   0   0  50   2]
 [  0   0   0   0   1   0   0  83]]

================================================================================

[train] Epoch: 2/20 Loss: 0.14119364332252757

F1 Score:	0.9515864474204377

Recall:	0.9517826825127335

Precision:	0.9514938526943646

Accuracy:	0.9517826825127335

Confusion Matrix of classes: 
 [[  53    0    0    0    0    0    4    4]
 [   0  351   24    0    1    4    1    3]
 [   0   18  289    0    2   23    0    3]
 [   0    0    0   76    0    0    0    0]
 [   0    1    2    0  271    0    8    3]
 [   0    5   10    0    0 1248    0    1]
 [   3    0    0    0    8    0  193    2]
 [   1    3    5    0    0    1    2  322]]

================================================================================

[validation] Epoch: 2/20 Loss: 0.41308283233083787

F1 Score:	0.8687597032883452

Recall:	0.8810810810810811

Precision:	0.8779511828047233

Accuracy:	0.8810810810810811

Confusion Matrix of classes: 
 [[ 11   0   0   0   0   0   4   1]
 [  0  90   3   0   0   3   0   0]
 [  0  10  32   0   4  37   0   1]
 [  0   0   0  19   0   0   0   0]
 [  0   2   4   0  60   2   1   3]
 [  0   8   1   0   1 307   0   0]
 [  0   0   0   0   1   0  50   1]
 [  0   0   0   0   1   0   0  83]]

================================================================================

[train] Epoch: 3/20 Loss: 0.13634463428600307

F1 Score:	0.9546636754199007

Recall:	0.9548387096774194

Precision:	0.9546124663124015

Accuracy:	0.9548387096774194

Confusion Matrix of classes: 
 [[  53    0    0    0    0    0    3    5]
 [   0  356   16    0    1    6    1    4]
 [   0   18  293    0    1   20    0    3]
 [   0    0    0   76    0    0    0    0]
 [   0    2    0    0  273    0    8    2]
 [   0    5   14    0    0 1245    0    0]
 [   2    0    0    0    8    0  194    2]
 [   1    3    3    0    3    0    2  322]]

================================================================================



<<<Saving model>>>

[validation] Epoch: 3/20 Loss: 0.375928395757502

F1 Score:	0.879954013203422

Recall:	0.8851351351351351

Precision:	0.881312710120249

Accuracy:	0.8851351351351351

Confusion Matrix of classes: 
 [[ 11   0   0   0   0   0   4   1]
 [  0  85   7   0   0   3   0   1]
 [  0   7  46   0   1  29   0   1]
 [  0   0   0  19   0   0   0   0]
 [  0   2   8   0  56   2   1   3]
 [  0   8   1   0   1 307   0   0]
 [  1   0   0   0   1   0  49   1]
 [  0   0   1   0   1   0   0  82]]

================================================================================

[train] Epoch: 4/20 Loss: 0.13421408384611455

F1 Score:	0.9481423015396432

Recall:	0.9483870967741935

Precision:	0.9480474552329954

Accuracy:	0.9483870967741935

Confusion Matrix of classes: 
 [[  53    0    0    0    0    0    5    3]
 [   0  355   17    0    2    3    1    6]
 [   0   23  285    0    3   22    0    2]
 [   0    0    0   76    0    0    0    0]
 [   0    2    0    0  268    2   10    3]
 [   0    3   14    0    2 1244    0    1]
 [   3    0    0    0    8    0  193    2]
 [   4    4    3    0    1    2    1  319]]

================================================================================

[validation] Epoch: 4/20 Loss: 0.3820660825390872

F1 Score:	0.8783086364793278

Recall:	0.8837837837837837

Precision:	0.8807333748594433

Accuracy:	0.8837837837837837

Confusion Matrix of classes: 
 [[ 11   0   0   0   0   0   4   1]
 [  0  85   7   0   0   3   0   1]
 [  0   7  45   0   1  30   0   1]
 [  0   0   0  19   0   0   0   0]
 [  0   2   8   0  56   2   1   3]
 [  0   8   1   0   1 307   0   0]
 [  0   0   0   0   0   0  49   3]
 [  0   0   1   0   1   0   0  82]]

================================================================================

[train] Epoch: 5/20 Loss: 0.12358315415168102

F1 Score:	0.9577739031507824

Recall:	0.9578947368421052

Precision:	0.9577628269970376

Accuracy:	0.9578947368421052

Confusion Matrix of classes: 
 [[  54    0    0    0    0    0    2    5]
 [   0  359   16    0    0    5    1    3]
 [   0   16  297    0    2   17    0    3]
 [   0    0    0   76    0    0    0    0]
 [   0    1    0    0  276    1    6    1]
 [   0    8   12    0    1 1243    0    0]
 [   1    0    0    0    7    0  194    4]
 [   1    0    4    0    3    3    1  322]]

================================================================================

[validation] Epoch: 5/20 Loss: 0.40009345107183264

F1 Score:	0.8749876028218879

Recall:	0.8810810810810811

Precision:	0.8808760472553577

Accuracy:	0.8810810810810811

Confusion Matrix of classes: 
 [[ 11   0   0   0   0   0   4   1]
 [  0  86   6   0   0   3   0   1]
 [  0   8  45   0   0  30   0   1]
 [  0   0   0  19   0   0   0   0]
 [  0   2   6   0  53   1   1   9]
 [  0   8   1   0   1 306   0   1]
 [  0   0   0   0   0   0  49   3]
 [  0   0   0   0   1   0   0  83]]

================================================================================

