Torch V: 1.12.0
TorchVision version: 0.13.0
NumPy V: 1.21.2
MLFlow V: 1.27.0
Matplotlib V: 3.4.3
Pandas V: 1.3.5
Sklearn V: 1.1.1

======================================================================

{'run_number': 0, 'data_path': 'dataset/train', 'model_name': 'saved_models', 'batch_size': 16, 'st_epoch': 0, 'n_epochs': 20, 'load': 'n', 'run_name': 'ResNet'}

======================================================================

{'train': 2945, 'validation': 740}
CUDA available: True
Running ResNet_0 with MLFlow
[train] Epoch: 1/20 Loss: 1.7630723532270292

F1 Score:	0.6897128805781955

Recall:	0.712296195652174

Precision:	0.7042056653115627

Accuracy:	0.712296195652174

Confusion Matrix of classes: 
 [[   1    1    0    0    2   16   13   28]
 [   2  210   31    0    1  129    3    8]
 [   1   47  125    0    1  152    0    9]
 [   0    4    0   51    1   17    3    0]
 [   1    7    0    0  166   53   25   33]
 [   6   13   14    1    4 1220    0    5]
 [   0    2    1    0   38   24  119   22]
 [   0   11    3    0   11   99    5  205]]

================================================================================



<<<Saving model>>>

[validation] Epoch: 1/20 Loss: 0.9035795566197988

F1 Score:	0.8203752584670695

Recall:	0.8396739130434783

Precision:	0.8479538322395036

Accuracy:	0.8396739130434783

Confusion Matrix of classes: 
 [[  8   0   1   0   0   0   7   0]
 [  0  84   2   0   2   7   0   1]
 [  0  14  25   0   1  44   0   0]
 [  0   0   0  19   0   0   0   0]
 [  0   5   0   0  48   3   5  11]
 [  0   5   0   0   1 308   0   0]
 [  0   0   0   0   1   0  49   2]
 [  0   0   0   0   2   0   4  77]]

================================================================================

[train] Epoch: 2/20 Loss: 0.43413647743153855

F1 Score:	0.9335265914337185

Recall:	0.9347826086956522

Precision:	0.9350902544182197

Accuracy:	0.9347826086956522

Confusion Matrix of classes: 
 [[  35    0    2    0    0    0   12   12]
 [   0  346   24    0    3    9    0    2]
 [   0   27  274    0    2   26    1    5]
 [   0    0    0   76    0    0    0    0]
 [   0    3    3    0  266    1    9    3]
 [   0   11   13    0    0 1238    0    1]
 [   0    0    0    1    7    0  192    6]
 [   0    0    2    0    2    3    2  325]]

================================================================================



<<<Saving model>>>

[validation] Epoch: 2/20 Loss: 0.7130472209002521

F1 Score:	0.8661784442792767

Recall:	0.873641304347826

Precision:	0.8709184719784683

Accuracy:	0.873641304347826

Confusion Matrix of classes: 
 [[ 15   0   0   0   0   0   1   0]
 [  0  80   6   0   1   9   0   0]
 [  0  10  39   0   0  35   0   0]
 [  0   0   0  19   0   0   0   0]
 [  1   0   5   0  59   3   1   2]
 [  0   3   1   0   3 307   0   0]
 [  5   0   0   0   1   0  46   0]
 [  0   1   0   0   4   0   1  78]]

================================================================================

[train] Epoch: 3/20 Loss: 0.17755927358499407

F1 Score:	0.9768356737192938

Recall:	0.9769021739130435

Precision:	0.9768377155874086

Accuracy:	0.9769021739130435

Confusion Matrix of classes: 
 [[  54    0    0    0    0    0    4    3]
 [   0  374    6    0    0    3    1    0]
 [   0    8  317    0    0    9    0    1]
 [   0    0    0   76    0    0    0    0]
 [   0    1    0    0  274    1    6    2]
 [   0    2    4    0    2 1256    0    0]
 [   2    0    0    0    6    0  197    1]
 [   2    2    0    0    1    1    0  328]]

================================================================================



<<<Saving model>>>

[validation] Epoch: 3/20 Loss: 0.5114173726455585

F1 Score:	0.909212913965344

Recall:	0.9103260869565217

Precision:	0.9186900390197528

Accuracy:	0.9103260869565217

Confusion Matrix of classes: 
 [[ 12   0   0   0   0   0   4   0]
 [  0  94   0   0   1   0   0   0]
 [  0  14  55   0   0  14   0   0]
 [  0   0   0  19   0   0   0   0]
 [  0   0   2   0  67   0   3   0]
 [  0  14   3   0   5 293   0   0]
 [  0   0   0   0   0   0  52   0]
 [  0   0   0   0   2   0   4  78]]

================================================================================

[train] Epoch: 4/20 Loss: 0.11387103601455284

F1 Score:	0.9836913777492073

Recall:	0.9836956521739131

Precision:	0.9837161397786636

Accuracy:	0.9836956521739131

Confusion Matrix of classes: 
 [[  59    0    1    0    0    0    1    0]
 [   0  374    7    0    0    2    0    1]
 [   0   10  319    0    0    4    0    2]
 [   0    0    0   75    0    0    0    0]
 [   0    0    0    0  279    1    3    2]
 [   0    4    3    0    1 1255    0    1]
 [   0    0    0    0    1    0  205    0]
 [   1    0    2    0    1    0    0  330]]

================================================================================

[validation] Epoch: 4/20 Loss: 0.6810892980243709

F1 Score:	0.9035134126996608

Recall:	0.907608695652174

Precision:	0.9081449765272278

Accuracy:	0.907608695652174

Confusion Matrix of classes: 
 [[ 15   0   0   0   0   0   1   0]
 [  0  89   1   0   0   5   0   1]
 [  0   9  49   0   0  26   0   0]
 [  0   0   0  19   0   0   0   0]
 [  0   2   3   0  65   2   0   0]
 [  0   4   3   0   1 306   0   0]
 [  3   0   0   0   1   0  46   1]
 [  0   1   0   0   4   0   0  79]]

================================================================================

[train] Epoch: 5/20 Loss: 0.07888381068922061

F1 Score:	0.988444584033892

Recall:	0.9884510869565217

Precision:	0.9884586616145079

Accuracy:	0.9884510869565217

Confusion Matrix of classes: 
 [[  61    0    0    0    0    0    0    0]
 [   0  380    1    0    0    2    0    1]
 [   0    4  326    0    0    4    0    1]
 [   0    0    0   76    0    0    0    0]
 [   0    0    0    0  281    2    0    2]
 [   0    2    2    0    2 1254    1    2]
 [   0    0    0    0    1    1  204    0]
 [   1    1    1    0    1    2    0  328]]

================================================================================

[validation] Epoch: 5/20 Loss: 0.688395595975925

F1 Score:	0.8840845662379627

Recall:	0.8899456521739131

Precision:	0.8918809853669444

Accuracy:	0.8899456521739131

Confusion Matrix of classes: 
 [[ 13   0   0   0   0   0   3   0]
 [  0  90   0   0   0   3   0   3]
 [  0  11  44   0   0  29   0   0]
 [  0   0   0  18   0   0   0   0]
 [  0   4   2   0  58   2   4   1]
 [  0   5   5   0   1 303   0   2]
 [  0   0   0   0   1   0  48   2]
 [  0   0   0   0   0   0   3  81]]

================================================================================

[train] Epoch: 6/20 Loss: 0.05034890566052828

F1 Score:	0.9938777525704595

Recall:	0.9938858695652174

Precision:	0.9938890591289633

Accuracy:	0.9938858695652174

Confusion Matrix of classes: 
 [[  59    0    0    0    0    0    1    1]
 [   0  382    2    0    0    0    0    0]
 [   0    3  328    0    0    4    0    0]
 [   0    0    0   76    0    0    0    0]
 [   0    0    0    0  283    1    1    0]
 [   0    1    3    0    1 1258    0    0]
 [   0    0    0    0    0    0  206    0]
 [   0    0    0    0    0    0    0  334]]

================================================================================

[validation] Epoch: 6/20 Loss: 0.7716832720347353

F1 Score:	0.8873738691571533

Recall:	0.8899456521739131

Precision:	0.8974277823608119

Accuracy:	0.8899456521739131

Confusion Matrix of classes: 
 [[ 16   0   0   0   0   0   0   0]
 [  0  89   0   0   0   4   0   3]
 [  0   6  50   0   0  26   0   1]
 [  0   0   0  19   0   0   0   0]
 [  0   0   3   0  63   1   2   2]
 [  0   3   7   0   2 301   0   4]
 [ 15   0   0   0   0   0  34   2]
 [  0   0   0   0   0   0   0  83]]

================================================================================
